27, 8, pa1-debug-b-output-1.txt
194.07, 209.94, 201.24
397.44, 395.78, 200.21
210.69, 209.99, 210.46
207.86, 209.49, 335.43
205.04, 209.00, 460.40
211.33, 334.98, 210.97
208.50, 334.49, 335.94
205.68, 333.99, 460.91
211.96, 459.98, 211.48
209.14, 459.49, 336.45
206.31, 458.99, 461.42
335.65, 209.34, 213.29
332.83, 208.84, 338.25
330.00, 208.35, 463.22
336.29, 334.34, 213.80
333.47, 333.84, 338.76
330.64, 333.34, 463.73
336.93, 459.33, 214.31
334.11, 458.84, 339.27
331.28, 458.34, 464.24
460.62, 208.69, 216.11
457.80, 208.19, 341.08
454.97, 207.70, 466.04
461.26, 333.69, 216.62
458.43, 333.19, 341.58
455.61, 332.70, 466.55
461.90, 458.68, 217.13
459.07, 458.19, 342.09
456.25, 457.69, 467.06
211.38, 208.26, 449.33
207.73, 211.07, 574.24
204.09, 213.88, 699.16
212.04, 333.23, 446.54
208.40, 336.04, 571.45
204.75, 338.84, 696.37
212.71, 458.20, 443.75
209.06, 461.00, 568.67
205.41, 463.81, 693.58
336.33, 207.68, 452.99
332.68, 210.49, 577.90
329.03, 213.30, 702.82
336.99, 332.65, 450.20
333.34, 335.46, 575.11
329.70, 338.26, 700.03
337.65, 457.62, 447.41
334.01, 460.42, 572.33
330.36, 463.23, 697.24
461.27, 207.10, 456.65
457.62, 209.91, 581.56
453.98, 212.72, 706.48
461.93, 332.07, 453.86
458.29, 334.88, 578.78
454.64, 337.68, 703.69
462.60, 457.04, 451.07
458.95, 459.84, 575.99
455.30, 462.65, 700.90
208.70, 448.75, 208.78
210.11, 447.64, 333.77
211.52, 446.53, 458.76
205.56, 573.71, 209.93
206.97, 572.59, 334.92
208.37, 571.48, 459.90
202.41, 698.66, 211.08
203.82, 697.55, 336.06
205.23, 696.44, 461.05
333.65, 451.91, 207.40
335.06, 450.80, 332.39
336.47, 449.68, 457.38
330.51, 576.86, 208.55
331.92, 575.75, 333.54
333.33, 574.64, 458.52
327.36, 701.82, 209.70
328.77, 700.71, 334.69
330.18, 699.60, 459.67
458.61, 455.07, 206.02
460.01, 453.95, 331.01
461.42, 452.84, 456.00
455.46, 580.02, 207.17
456.87, 578.91, 332.16
458.28, 577.80, 457.15
452.32, 704.98, 208.32
453.73, 703.87, 333.31
455.13, 702.75, 458.29
208.17, 448.57, 448.69
205.86, 449.97, 573.67
203.55, 451.37, 698.64
205.82, 573.54, 447.25
203.51, 574.94, 572.22
201.20, 576.34, 697.20
203.47, 698.51, 445.81
201.16, 699.91, 570.78
198.85, 701.31, 695.76
333.13, 450.95, 450.98
330.82, 452.35, 575.95
328.51, 453.74, 700.92
330.78, 575.92, 449.54
328.47, 577.32, 574.51
326.16, 578.71, 699.48
328.43, 700.89, 448.10
326.12, 702.29, 573.07
323.81, 703.68, 698.04
458.09, 453.33, 453.26
455.78, 454.73, 578.23
453.47, 456.12, 703.20
455.73, 578.30, 451.82
453.42, 579.70, 576.79
451.11, 581.09, 701.76
453.38, 703.27, 450.38
451.07, 704.67, 575.35
448.76, 706.06, 700.32
450.37, 208.42, 211.32
453.63, 206.54, 336.26
456.89, 204.65, 461.20
448.33, 333.39, 213.25
451.59, 331.50, 338.20
454.85, 329.62, 463.14
446.29, 458.36, 215.19
449.55, 456.47, 340.13
452.81, 454.59, 465.08
575.31, 210.51, 208.09
578.57, 208.62, 333.03
581.83, 206.74, 457.97
573.27, 335.48, 210.03
576.53, 333.59, 334.97
579.79, 331.71, 459.91
571.23, 460.44, 211.96
574.49, 458.56, 336.91
577.75, 456.68, 461.85
700.25, 212.60, 204.86
703.51, 210.71, 329.80
706.77, 208.83, 454.75
698.21, 337.56, 206.80
701.47, 335.68, 331.74
704.73, 333.80, 456.68
696.17, 462.53, 208.73
699.43, 460.65, 333.68
702.69, 458.77, 458.62
451.50, 209.21, 450.60
448.07, 207.41, 575.54
444.63, 205.61, 700.48
448.36, 334.16, 452.32
444.93, 332.36, 577.26
441.49, 330.56, 702.20
445.23, 459.11, 454.03
441.79, 457.31, 578.97
438.36, 455.51, 703.91
576.42, 212.30, 454.08
572.98, 210.50, 579.02
569.54, 208.70, 703.96
573.28, 337.25, 455.80
569.84, 335.45, 580.73
566.41, 333.65, 705.67
570.14, 462.20, 457.51
566.70, 460.40, 582.45
563.27, 458.60, 707.39
701.33, 215.39, 457.56
697.89, 213.59, 582.50
694.46, 211.79, 707.44
698.19, 340.34, 459.27
694.76, 338.54, 584.21
691.32, 336.74, 709.15
695.05, 465.29, 460.99
691.62, 463.49, 585.93
688.18, 461.69, 710.87
451.63, 449.92, 210.21
451.05, 446.31, 335.16
450.48, 442.70, 460.11
450.80, 574.86, 213.82
450.23, 571.25, 338.77
449.66, 567.64, 463.71
449.98, 699.81, 217.43
449.41, 696.20, 342.37
448.83, 692.59, 467.32
576.62, 450.73, 210.81
576.05, 447.11, 335.76
575.48, 443.50, 460.70
575.80, 575.67, 214.42
575.23, 572.06, 339.36
574.65, 568.45, 464.31
574.98, 700.62, 218.03
574.40, 697.01, 342.97
573.83, 693.39, 467.92
701.62, 451.53, 211.41
701.05, 447.92, 336.36
700.47, 444.31, 461.30
700.80, 576.48, 215.02
700.22, 572.87, 339.96
699.65, 569.26, 464.91
699.97, 701.42, 218.62
699.40, 697.81, 343.57
698.82, 694.20, 468.52
451.50, 450.94, 451.47
448.50, 454.60, 576.38
445.51, 458.26, 701.29
455.01, 575.84, 447.89
452.02, 579.50, 572.80
449.02, 583.16, 697.71
458.53, 700.74, 444.32
455.53, 704.40, 569.23
452.53, 708.06, 694.14
576.42, 447.52, 454.56
573.42, 451.18, 579.47
570.42, 454.83, 704.38
579.93, 572.42, 450.99
576.93, 576.08, 575.90
573.94, 579.73, 700.81
583.44, 697.32, 447.41
580.45, 700.97, 572.32
577.45, 704.63, 697.23
701.33, 444.09, 457.66
698.33, 447.75, 582.57
695.34, 451.41, 707.48
704.84, 568.99, 454.09
701.85, 572.65, 579.00
698.85, 576.31, 703.91
708.36, 693.89, 450.51
705.36, 697.55, 575.42
702.36, 701.21, 700.33
