27, 8, pa1-unknown-h-output-1.txt
190.46, 199.45, 186.46
395.82, 402.08, 192.61
208.41, 209.14, 210.36
206.82, 206.12, 335.31
205.22, 203.09, 460.27
211.53, 334.07, 213.43
209.94, 331.04, 338.38
208.34, 328.01, 463.33
214.65, 458.99, 216.49
213.06, 455.96, 341.45
211.46, 452.93, 466.40
333.36, 205.98, 211.88
331.77, 202.96, 336.83
330.17, 199.93, 461.78
336.48, 330.91, 214.94
334.89, 327.88, 339.90
333.29, 324.85, 464.85
339.60, 455.83, 218.01
338.01, 452.80, 342.96
336.41, 449.78, 467.92
458.31, 202.83, 213.39
456.72, 199.80, 338.35
455.13, 196.77, 463.30
461.43, 327.75, 216.46
459.84, 324.72, 341.41
458.25, 321.70, 466.37
464.55, 452.67, 219.53
462.96, 449.65, 344.48
461.36, 446.62, 469.43
208.96, 211.96, 450.09
205.57, 208.27, 574.99
202.18, 204.59, 699.89
206.69, 336.89, 453.71
203.29, 333.20, 578.61
199.90, 329.51, 703.51
204.41, 461.81, 457.34
201.01, 458.13, 582.24
197.62, 454.44, 707.14
333.90, 214.14, 453.55
330.50, 210.45, 578.45
327.11, 206.76, 703.35
331.62, 339.06, 457.17
328.22, 335.38, 582.07
324.83, 331.69, 706.97
329.34, 463.99, 460.80
325.95, 460.30, 585.70
322.55, 456.62, 710.60
458.83, 216.32, 457.01
455.44, 212.63, 581.91
452.04, 208.94, 706.81
456.55, 341.24, 460.63
453.16, 337.55, 585.53
449.76, 333.87, 710.43
454.27, 466.17, 464.26
450.88, 462.48, 589.16
447.49, 458.79, 714.06
209.66, 451.44, 210.39
210.12, 451.84, 335.39
210.58, 452.25, 460.39
207.12, 576.41, 210.00
207.58, 576.82, 335.00
208.04, 577.22, 460.00
204.57, 701.39, 209.61
205.03, 701.79, 334.60
205.50, 702.20, 459.60
334.64, 453.98, 209.93
335.10, 454.39, 334.92
335.56, 454.79, 459.92
332.09, 578.96, 209.53
332.55, 579.36, 334.53
333.01, 579.76, 459.53
329.55, 703.93, 209.14
330.01, 704.33, 334.14
330.47, 704.74, 459.13
459.61, 456.53, 209.46
460.07, 456.93, 334.45
460.53, 457.33, 459.45
457.06, 581.50, 209.06
457.53, 581.90, 334.06
457.99, 582.31, 459.06
454.52, 706.47, 208.67
454.98, 706.88, 333.67
455.44, 707.28, 458.66
208.92, 449.63, 448.10
206.06, 450.10, 573.07
203.20, 450.56, 698.03
209.50, 574.63, 447.65
206.64, 575.09, 572.61
203.79, 575.56, 697.58
210.09, 699.62, 447.19
207.23, 700.09, 572.16
204.37, 700.56, 697.12
333.88, 449.05, 450.96
331.03, 449.52, 575.93
328.17, 449.99, 700.89
334.47, 574.05, 450.51
331.61, 574.52, 575.47
328.75, 574.99, 700.44
335.05, 699.05, 450.05
332.20, 699.52, 575.02
329.34, 699.98, 699.99
458.85, 448.48, 453.82
455.99, 448.95, 578.79
453.13, 449.41, 703.75
459.44, 573.48, 453.37
456.58, 573.94, 578.33
453.72, 574.41, 703.30
460.02, 698.47, 452.91
457.16, 698.94, 577.88
454.30, 699.41, 702.85
451.11, 208.22, 210.74
451.35, 211.22, 335.70
451.60, 214.23, 460.67
452.62, 333.17, 207.73
452.87, 336.18, 332.69
453.12, 339.18, 457.66
454.14, 458.13, 204.72
454.39, 461.13, 329.69
454.64, 464.14, 454.65
576.10, 206.69, 210.53
576.34, 209.70, 335.49
576.59, 212.71, 460.46
577.61, 331.65, 207.52
577.86, 334.65, 332.48
578.11, 337.66, 457.45
579.13, 456.60, 204.51
579.38, 459.61, 329.48
579.63, 462.61, 454.44
701.09, 205.17, 210.32
701.33, 208.18, 335.28
701.58, 211.18, 460.25
702.61, 330.12, 207.31
702.85, 333.13, 332.28
703.10, 336.14, 457.24
704.12, 455.08, 204.30
704.37, 458.08, 329.27
704.62, 461.09, 454.23
450.23, 208.18, 450.60
447.24, 207.06, 575.56
444.25, 205.93, 700.51
452.18, 333.16, 451.77
449.19, 332.04, 576.73
446.20, 330.91, 701.69
454.14, 458.14, 452.94
451.15, 457.02, 577.90
448.16, 455.89, 702.86
575.18, 206.20, 453.57
572.19, 205.08, 578.53
569.20, 203.95, 703.49
577.13, 331.18, 454.74
574.14, 330.06, 579.70
571.15, 328.93, 704.66
579.09, 456.16, 455.91
576.10, 455.04, 580.87
573.11, 453.91, 705.83
700.13, 204.22, 456.54
697.14, 203.10, 581.50
694.15, 201.97, 706.46
702.08, 329.20, 457.71
699.09, 328.07, 582.67
696.10, 326.95, 707.63
704.04, 454.18, 458.88
701.05, 453.05, 583.84
698.06, 451.93, 708.80
450.49, 448.57, 210.24
452.39, 449.52, 335.22
454.29, 450.46, 460.20
453.96, 573.52, 209.24
455.86, 574.46, 334.22
457.76, 575.41, 459.21
457.43, 698.47, 208.24
459.33, 699.41, 333.23
461.23, 700.36, 458.21
575.42, 445.08, 208.37
577.32, 446.03, 333.35
579.22, 446.98, 458.33
578.89, 570.03, 207.37
580.80, 570.98, 332.35
582.70, 571.92, 457.33
582.37, 694.98, 206.37
584.27, 695.93, 331.35
586.17, 696.87, 456.33
700.36, 441.60, 206.49
702.26, 442.54, 331.48
704.16, 443.49, 456.46
703.83, 566.55, 205.50
705.73, 567.49, 330.48
707.63, 568.44, 455.46
707.30, 691.49, 204.50
709.20, 692.44, 329.48
711.10, 693.39, 454.46
448.12, 451.60, 448.04
448.27, 450.52, 573.04
448.41, 449.43, 698.03
446.09, 576.58, 449.13
446.23, 575.50, 574.13
446.38, 574.41, 699.12
444.05, 701.56, 450.22
444.20, 700.47, 575.22
444.34, 699.39, 700.21
573.11, 453.64, 447.92
573.25, 452.55, 572.91
573.40, 451.47, 697.91
571.07, 578.62, 449.01
571.22, 577.53, 574.00
571.36, 576.44, 699.00
569.04, 703.60, 450.10
569.18, 702.51, 575.09
569.32, 701.42, 700.09
698.09, 455.68, 447.79
698.24, 454.59, 572.78
698.38, 453.50, 697.78
696.05, 580.66, 448.88
696.20, 579.57, 573.87
696.34, 578.48, 698.87
694.02, 705.64, 449.97
694.16, 704.55, 574.96
694.31, 703.46, 699.96
