27, 8, pa1-debug-a-output-1.txt
190.55, 207.35, 209.17
400.55, 402.12, 203.54
209.30, 208.86, 211.03
207.25, 208.35, 336.01
205.19, 207.84, 461.00
210.40, 333.86, 211.56
208.35, 333.35, 336.54
206.29, 332.84, 461.52
211.50, 458.85, 212.09
209.44, 458.34, 337.07
207.39, 457.83, 462.05
334.28, 207.76, 213.08
332.23, 207.25, 338.06
330.17, 206.74, 463.04
335.38, 332.75, 213.61
333.32, 332.24, 338.59
331.27, 331.73, 463.57
336.48, 457.75, 214.14
334.42, 457.24, 339.12
332.37, 456.72, 464.10
459.26, 206.65, 215.13
457.20, 206.14, 340.11
455.15, 205.63, 465.09
460.36, 331.65, 215.66
458.30, 331.13, 340.64
456.25, 330.62, 465.62
461.45, 456.64, 216.19
459.40, 456.13, 341.17
457.35, 455.62, 466.15
208.65, 210.63, 448.66
209.59, 210.14, 573.66
210.53, 209.65, 698.65
206.23, 335.61, 449.17
207.17, 335.11, 574.17
208.11, 334.62, 699.16
203.81, 460.58, 449.68
204.75, 460.09, 574.67
205.69, 459.60, 699.67
333.62, 213.06, 447.73
334.56, 212.56, 572.73
335.50, 212.07, 697.72
331.20, 338.03, 448.24
332.14, 337.54, 573.23
333.08, 337.05, 698.23
328.78, 463.01, 448.75
329.72, 462.52, 573.74
330.66, 462.02, 698.74
458.60, 215.48, 446.80
459.54, 214.99, 571.80
460.48, 214.50, 696.79
456.18, 340.46, 447.31
457.12, 339.97, 572.30
458.06, 339.47, 697.30
453.75, 465.43, 447.82
454.69, 464.94, 572.81
455.63, 464.45, 697.81
211.24, 451.76, 210.49
210.94, 453.02, 335.49
210.64, 454.29, 460.48
208.35, 576.72, 209.22
208.05, 577.98, 334.22
207.75, 579.25, 459.21
205.46, 701.68, 207.95
205.16, 702.94, 332.94
204.87, 704.21, 457.94
336.20, 454.65, 210.76
335.90, 455.91, 335.76
335.61, 457.18, 460.75
333.32, 579.61, 209.49
333.02, 580.88, 334.48
332.72, 582.14, 459.48
330.43, 704.57, 208.22
330.13, 705.84, 333.21
329.83, 707.10, 458.21
461.17, 457.54, 211.03
460.87, 458.81, 336.02
460.57, 460.07, 461.02
458.28, 582.50, 209.76
457.98, 583.77, 334.75
457.69, 585.03, 459.75
455.39, 707.46, 208.49
455.10, 708.73, 333.48
454.80, 709.99, 458.47
209.38, 450.54, 450.20
207.31, 454.15, 575.13
205.24, 457.76, 700.06
211.65, 575.46, 446.62
209.58, 579.08, 571.56
207.51, 582.69, 696.49
213.92, 700.39, 443.05
211.85, 704.01, 567.98
209.78, 707.62, 692.91
334.34, 448.32, 452.33
332.27, 451.94, 577.26
330.20, 455.55, 702.20
336.61, 573.25, 448.76
334.54, 576.87, 573.69
332.47, 580.48, 698.62
338.89, 698.18, 445.18
336.82, 701.79, 570.12
334.74, 705.41, 695.05
459.30, 446.11, 454.47
457.23, 449.72, 579.40
455.16, 453.34, 704.33
461.57, 571.04, 450.89
459.50, 574.65, 575.82
457.43, 578.27, 700.76
463.85, 695.97, 447.32
461.78, 699.58, 572.25
459.71, 703.19, 697.18
451.38, 208.85, 210.96
450.49, 209.30, 335.95
449.61, 209.74, 460.95
449.31, 333.83, 210.50
448.43, 334.28, 335.49
447.55, 334.72, 460.49
447.25, 458.82, 210.04
446.37, 459.26, 335.03
445.48, 459.71, 460.03
576.36, 210.92, 211.83
575.47, 211.37, 336.83
574.59, 211.81, 461.83
574.29, 335.90, 211.37
573.41, 336.35, 336.37
572.53, 336.79, 461.37
572.23, 460.88, 210.91
571.35, 461.33, 335.91
570.46, 461.77, 460.91
701.34, 212.99, 212.71
700.45, 213.43, 337.71
699.57, 213.88, 462.70
699.27, 337.97, 212.25
698.39, 338.42, 337.25
697.51, 338.86, 462.24
697.21, 462.95, 211.79
696.33, 463.40, 336.79
695.44, 463.84, 461.78
448.16, 209.44, 451.73
447.81, 207.85, 576.72
447.45, 206.25, 701.71
448.14, 334.43, 453.32
447.79, 332.84, 578.31
447.43, 331.24, 703.30
448.13, 459.42, 454.92
447.77, 457.83, 579.91
447.42, 456.23, 704.90
573.16, 209.46, 452.09
572.81, 207.86, 577.08
572.45, 206.27, 702.06
573.14, 334.45, 453.68
572.79, 332.85, 578.67
572.43, 331.25, 703.66
573.13, 459.43, 455.28
572.77, 457.84, 580.26
572.42, 456.24, 705.25
698.16, 209.47, 452.44
697.81, 207.87, 577.43
697.45, 206.28, 702.42
698.14, 334.46, 454.04
697.79, 332.86, 579.03
697.43, 331.27, 704.02
698.13, 459.45, 455.63
697.77, 457.85, 580.62
697.41, 456.26, 705.61
451.72, 450.33, 211.23
453.40, 447.55, 336.18
455.08, 444.78, 461.14
449.74, 575.28, 214.02
451.43, 572.51, 338.98
453.11, 569.73, 463.94
447.77, 700.23, 216.82
449.45, 697.46, 341.78
451.13, 694.69, 466.74
576.69, 452.34, 209.59
578.37, 449.57, 334.55
580.06, 446.79, 459.51
574.72, 577.29, 212.39
576.40, 574.52, 337.35
578.08, 571.75, 462.30
572.74, 702.25, 215.19
574.42, 699.47, 340.15
576.10, 696.70, 465.10
701.67, 454.35, 207.95
703.35, 451.58, 332.91
705.03, 448.81, 457.87
699.69, 579.31, 210.75
701.37, 576.53, 335.71
703.05, 573.76, 460.67
697.71, 704.26, 213.55
699.40, 701.49, 338.51
701.08, 698.71, 463.47
450.52, 451.73, 450.98
448.32, 451.80, 575.96
446.12, 451.88, 700.94
454.05, 576.68, 450.97
451.85, 576.75, 575.95
449.65, 576.83, 700.93
457.58, 701.63, 450.96
455.38, 701.70, 575.94
453.18, 701.78, 700.92
575.45, 448.20, 453.18
573.25, 448.27, 578.16
571.05, 448.35, 703.14
578.98, 573.15, 453.17
576.78, 573.23, 578.15
574.58, 573.30, 703.13
582.51, 698.10, 453.16
580.31, 698.18, 578.14
578.11, 698.25, 703.12
700.38, 444.67, 455.38
698.18, 444.75, 580.36
695.98, 444.82, 705.34
703.91, 569.62, 455.37
701.71, 569.70, 580.35
699.51, 569.77, 705.33
707.44, 694.57, 455.36
705.24, 694.65, 580.34
703.04, 694.72, 705.32
